0 3 1 2 4 6 7 5 9 10 8 11
0 3 1 2 4 6 9 7 5 10 8 11
0 3 1 2 4 6 9 7 10 5 8 11
0 3 1 2 6 4 7 9 5 8 10 11
0 3 1 4 2 6 9 5 7 8 10 11
0 3 1 4 2 6 9 7 5 8 10 11
0 3 1 4 2 6 7 9 10 5 8 11
0 3 1 6 2 4 7 5 9 10 8 11
0 3 1 4 6 2 9 7 10 5 8 11
0 1 3 6 2 4 5 9 7 10 8 11
0 1 3 6 2 4 7 5 9 10 8 11
0 1 3 6 2 9 4 5 7 8 10 11
0 1 3 4 6 2 5 7 9 10 8 11
0 1 3 4 6 2 5 9 7 10 8 11
0 1 3 4 6 2 9 7 5 8 10 11
0 1 3 6 4 2 9 5 7 8 10 11
0 1 3 4 6 9 2 7 5 8 10 11
0 1 3 6 4 9 2 5 7 8 10 11
0 1 3 6 4 9 2 7 5 10 8 11
0 1 3 6 9 4 2 7 5 8 10 11
0 3 6 1 2 4 9 7 10 5 8 11
0 1 3 6 4 9 7 2 5 8 10 11
0 1 3 6 9 4 7 2 5 10 8 11
0 3 6 1 4 2 5 9 7 10 8 11
0 3 6 1 4 2 7 5 9 10 8 11
0 3 6 1 4 2 9 7 5 10 8 11
0 3 6 1 4 7 2 9 5 10 8 11
0 1 2 3 4 6 9 7 5 8 10 11
0 1 2 3 6 4 5 7 9 10 8 11
0 3 1 2 6 4 7 5 9 10 8 11
0 3 1 2 6 4 7 9 10 5 8 11
0 3 1 2 6 9 4 7 10 5 8 11
0 3 1 4 2 6 7 5 9 8 10 11
0 3 1 4 2 6 7 9 5 8 10 11
0 3 1 4 2 6 9 7 5 10 8 11
0 1 3 2 4 6 7 9 5 8 10 11
0 3 1 6 2 4 5 7 9 10 8 11
0 3 1 6 2 4 9 7 10 5 8 11
0 3 1 4 6 2 9 7 5 8 10 11
0 3 1 4 6 2 7 9 10 5 8 11
0 3 1 6 4 2 5 9 7 10 8 11
0 1 3 4 2 6 9 7 5 8 10 11
0 3 1 6 4 2 7 9 10 5 8 11
0 3 1 6 9 2 4 5 7 8 10 11
0 3 1 6 9 2 4 7 5 8 10 11
0 3 1 4 6 9 2 5 7 8 10 11
0 3 1 4 6 7 2 9 5 8 10 11
0 3 1 4 6 9 2 7 5 8 10 11
0 1 3 4 6 2 5 9 7 8 10 11
0 3 1 6 4 9 2 5 7 8 10 11
0 1 3 4 6 2 9 5 7 8 10 11
0 1 3 4 6 2 9 5 7 10 8 11
0 1 3 6 4 2 5 7 8 9 10 11
0 3 1 6 9 4 2 7 5 8 10 11
0 1 3 6 9 2 4 5 7 8 10 11
0 1 3 6 9 2 4 7 5 8 10 11
0 1 3 4 6 9 2 5 7 8 10 11
0 3 6 1 2 4 5 7 9 10 8 11
0 3 6 1 2 4 7 5 9 10 8 11
0 1 3 6 9 4 2 5 7 10 8 11
0 3 6 1 2 4 7 9 10 5 8 11
0 1 3 4 6 9 7 2 5 8 10 11
0 1 3 6 4 9 7 2 5 10 8 11
0 1 3 6 9 4 7 2 5 8 10 11
0 3 6 1 4 2 9 5 7 10 8 11
0 3 6 1 4 7 2 9 10 5 8 11
0 3 1 2 4 6 7 5 9 8 10 11
0 3 1 2 4 6 9 7 5 8 10 11
0 3 1 2 4 6 7 9 10 5 8 11
0 3 1 2 6 4 5 7 9 10 8 11
0 1 2 3 6 4 5 9 7 10 8 11
0 1 2 3 6 4 7 5 9 10 8 11
0 3 1 2 6 4 7 9 5 10 8 11
0 3 1 2 6 9 4 7 5 8 10 11
0 3 1 4 2 6 7 5 9 10 8 11
0 1 3 2 4 6 9 7 5 8 10 11
0 3 1 6 2 4 7 9 10 5 8 11
0 3 1 4 6 2 7 9 5 8 10 11
0 1 3 6 2 4 5 7 9 8 10 11
0 1 3 6 2 4 5 7 9 10 8 11
0 3 1 6 4 2 9 7 10 5 8 11
0 1 3 6 2 4 9 5 7 8 10 11
0 1 3 6 2 9 4 5 7 10 8 11
0 3 1 4 6 7 2 9 10 5 8 11
0 3 1 6 4 7 2 5 9 10 8 11
0 3 1 6 9 4 2 5 7 8 10 11
0 3 1 4 6 9 7 2 5 8 10 11
0 3 1 6 4 7 9 2 5 8 10 11
0 1 3 6 9 2 4 7 5 10 8 11
0 1 3 4 6 9 2 5 7 10 8 11
0 1 3 4 6 9 2 7 5 10 8 11
0 1 3 6 4 7 2 5 9 10 8 11
0 1 3 6 9 4 2 5 7 8 10 11
0 3 6 1 2 4 9 7 5 10 8 11
0 1 3 6 4 7 9 2 5 10 8 11
0 3 6 1 4 2 7 9 5 10 8 11
0 3 1 2 4 6 7 5 8 9 10 11
0 3 1 2 4 6 7 9 5 10 8 11
0 1 2 3 4 6 9 5 7 8 10 11
0 3 1 2 6 4 5 9 7 10 8 11
0 3 1 2 6 4 7 5 9 8 10 11
0 3 1 2 6 4 9 7 5 10 8 11
0 3 1 2 6 9 4 7 5 10 8 11
0 3 1 4 2 6 7 9 5 10 8 11
0 1 3 2 4 6 9 5 7 8 10 11
0 3 1 4 2 6 9 7 10 5 8 11
0 1 3 2 6 4 5 7 9 10 8 11
0 1 3 4 2 6 9 5 7 8 10 11
0 3 1 6 4 2 7 5 9 10 8 11
0 1 3 6 2 4 5 7 8 9 10 11
0 1 3 4 6 2 5 7 8 9 10 11
0 3 1 6 4 7 2 9 10 5 8 11
0 1 3 6 4 2 5 7 9 8 10 11
0 1 3 6 4 2 5 9 7 8 10 11
0 3 1 4 6 7 9 2 5 8 10 11
0 3 1 6 9 4 7 2 5 8 10 11
0 1 3 6 4 9 2 5 7 10 8 11
0 1 3 6 4 9 2 7 5 8 10 11
0 3 6 1 2 4 9 5 7 10 8 11
0 1 3 4 6 7 9 2 5 8 10 11
0 1 3 4 6 9 7 2 5 10 8 11
0 1 3 6 4 7 9 2 5 8 10 11
0 3 6 1 2 9 4 7 10 5 8 11
0 3 6 1 4 2 9 7 10 5 8 11
0 3 1 2 4 6 9 5 7 8 10 11
0 3 1 2 4 6 7 9 5 8 10 11
0 1 2 3 4 6 7 9 5 8 10 11
0 3 1 2 6 4 7 5 8 9 10 11
0 3 1 2 6 4 9 7 5 8 10 11
0 3 1 2 6 4 9 7 10 5 8 11
0 3 1 4 2 6 7 5 8 9 10 11
0 3 1 6 2 4 5 9 7 10 8 11
0 1 3 2 6 4 5 9 7 10 8 11
0 1 3 2 6 4 7 5 9 10 8 11
0 3 1 6 2 9 4 7 10 5 8 11
0 3 1 4 6 2 9 5 7 8 10 11
0 3 1 6 4 2 5 7 9 10 8 11
0 1 3 4 2 6 7 9 5 8 10 11
0 1 3 6 2 4 5 9 7 8 10 11
0 1 3 6 2 4 9 5 7 10 8 11
0 1 3 4 6 2 5 7 9 8 10 11
0 3 1 6 4 9 2 7 5 8 10 11
0 1 3 4 6 2 7 9 5 8 10 11
0 1 3 6 4 2 5 7 9 10 8 11
0 1 3 6 4 2 5 9 7 10 8 11
0 1 3 6 4 2 7 5 9 10 8 11
0 1 3 6 4 2 9 5 7 10 8 11
0 3 1 6 4 9 7 2 5 8 10 11
0 1 3 6 9 2 4 5 7 10 8 11
0 1 3 4 6 7 2 9 5 8 10 11
0 3 6 1 2 4 5 9 7 10 8 11
0 3 6 1 2 4 7 9 5 10 8 11
0 1 3 6 9 4 2 7 5 10 8 11
0 1 3 4 6 7 9 2 5 10 8 11
0 3 6 1 2 9 4 5 7 10 8 11
0 3 6 1 2 9 4 7 5 10 8 11
0 3 6 1 4 2 5 7 9 10 8 11
0 3 6 1 4 2 7 9 10 5 8 11
0 3 6 1 4 7 2 5 9 10 8 11
