0 3 1 2 4 5 6 7 9 10 8 12 13 11 14
0 3 1 2 4 5 6 7 9 12 10 13 8 11 14
0 3 1 2 4 6 5 7 9 8 10 12 13 11 14
0 3 1 2 4 6 5 7 9 10 8 12 11 13 14
0 3 1 2 4 6 5 7 9 12 10 8 13 11 14
0 3 1 2 4 6 5 7 9 12 10 13 8 11 14
0 3 6 1 4 2 5 7 8 9 10 12 13 11 14
0 3 6 1 4 2 5 7 9 8 10 12 13 11 14
0 3 1 2 4 6 9 5 7 10 12 13 8 11 14
0 3 6 1 9 2 4 7 10 12 5 8 13 11 14
0 3 6 1 4 9 2 7 5 10 12 8 13 11 14
0 3 6 1 4 9 2 7 10 5 12 8 13 11 14
0 3 1 6 2 4 5 7 9 8 10 12 13 11 14
0 3 1 6 2 4 7 5 9 8 10 12 13 11 14
0 3 1 6 2 4 7 9 5 10 8 12 11 13 14
0 3 6 1 4 9 12 2 7 10 5 8 13 11 14
0 3 6 1 4 9 12 2 7 10 13 5 8 11 14
0 3 1 6 4 2 5 7 8 9 10 12 13 11 14
0 1 3 2 6 4 9 12 7 10 5 8 13 11 14
0 3 1 6 9 2 4 7 12 5 10 13 8 11 14
0 3 1 6 9 2 4 7 10 12 5 8 13 11 14
0 3 6 9 1 4 7 12 2 10 5 13 8 11 14
0 3 6 9 1 4 7 12 2 10 13 5 8 11 14
0 3 6 9 1 4 12 7 2 10 13 5 8 11 14
0 3 1 4 6 7 2 5 8 9 12 10 11 13 14
0 3 1 4 6 7 2 5 9 8 12 10 11 13 14
0 1 3 4 2 5 6 9 7 8 12 10 11 13 14
0 1 3 4 2 5 6 9 7 12 10 8 11 13 14
0 1 3 4 2 5 6 9 12 7 8 10 13 11 14
0 1 3 4 2 6 5 9 7 8 10 11 12 13 14
0 1 3 4 2 6 9 5 12 7 10 8 13 11 14
0 1 3 4 2 6 9 7 5 12 10 8 11 13 14
0 3 1 6 9 4 7 2 5 10 8 12 11 13 14
0 1 3 4 6 2 7 5 9 8 12 10 11 13 14
0 3 1 6 9 12 4 7 2 5 10 13 8 11 14
0 3 1 6 9 12 4 7 10 2 5 13 8 11 14
0 1 3 6 4 2 9 7 5 8 10 11 12 13 14
0 1 3 6 4 2 9 7 5 12 10 8 11 13 14
0 1 3 6 4 2 9 12 7 10 5 8 13 11 14
0 1 3 6 4 9 2 12 7 10 5 8 13 11 14
0 1 3 6 9 4 2 12 7 10 5 8 13 11 14
0 1 3 6 9 4 7 2 12 10 5 8 11 13 14
0 3 6 1 2 4 5 7 9 8 10 12 13 11 14
0 3 1 2 4 5 6 7 9 10 12 13 8 11 14
0 3 1 2 4 6 5 9 7 12 10 13 8 11 14
0 3 1 2 4 6 9 5 7 12 10 13 8 11 14
0 3 6 1 4 2 7 5 8 9 10 12 13 11 14
0 3 6 1 4 9 2 7 10 5 8 11 12 13 14
0 3 6 1 4 9 2 7 10 12 5 8 13 11 14
0 3 1 6 2 4 7 9 5 8 10 12 13 11 14
0 3 1 6 2 4 7 9 5 10 8 12 13 11 14
0 3 1 6 2 4 7 9 12 5 10 8 13 11 14
0 3 1 6 2 4 9 7 12 5 10 13 8 11 14
0 3 6 1 9 4 12 2 7 10 13 5 8 11 14
0 3 6 1 9 4 7 12 2 5 10 13 8 11 14
0 3 6 1 9 12 4 7 10 2 5 8 13 11 14
0 1 3 2 6 4 5 7 8 9 10 12 13 11 14
0 3 1 4 6 2 9 7 5 12 10 8 11 13 14
0 3 1 6 4 2 5 7 9 8 10 12 13 11 14
0 1 3 2 6 4 9 5 7 10 12 8 13 11 14
0 3 6 9 1 4 7 12 2 5 10 13 8 11 14
0 3 1 6 9 2 4 7 10 12 5 13 8 11 14
0 1 3 4 2 5 6 9 7 8 10 12 11 13 14
0 1 3 4 2 5 6 9 7 12 8 10 11 13 14
0 3 1 4 6 9 2 7 5 12 10 8 11 13 14
0 1 3 4 2 6 5 9 7 8 12 10 11 13 14
0 1 3 4 2 6 5 9 7 12 8 10 13 11 14
0 3 1 6 4 9 2 5 7 10 12 8 13 11 14
0 1 3 4 2 6 5 9 12 7 8 10 13 11 14
0 1 3 4 2 6 5 9 12 7 10 8 13 11 14
0 3 1 6 4 7 2 9 5 8 12 10 11 13 14
0 1 3 4 2 6 7 5 9 8 12 10 11 13 14
0 1 3 4 2 6 9 5 7 12 10 8 11 13 14
0 3 1 6 4 9 7 2 5 12 10 8 11 13 14
0 3 1 6 9 4 7 2 5 10 8 11 12 13 14
0 3 1 6 9 4 7 2 12 10 5 8 11 13 14
0 3 1 6 9 4 12 7 2 5 10 13 8 11 14
0 1 3 4 6 2 9 7 5 12 10 8 11 13 14
0 3 1 6 9 12 4 7 2 10 5 13 8 11 14
0 1 3 6 4 2 9 7 5 12 8 10 11 13 14
0 1 3 6 4 2 9 7 12 5 8 10 13 11 14
0 1 3 6 4 2 9 12 7 5 10 8 13 11 14
0 1 3 6 4 7 2 9 5 8 12 10 11 13 14
0 1 3 6 9 4 2 12 7 10 5 8 11 13 14
0 3 1 2 4 5 6 7 9 10 8 11 12 13 14
0 3 6 1 2 4 7 5 9 8 10 12 13 11 14
0 3 6 1 2 4 7 9 5 8 10 12 13 11 14
0 3 1 2 4 6 5 7 8 9 10 12 13 11 14
0 3 1 2 6 4 5 7 8 9 10 12 13 11 14
0 3 1 2 6 4 5 7 9 8 10 12 13 11 14
0 3 6 1 4 9 2 5 7 10 12 8 13 11 14
0 3 6 1 4 9 2 7 12 10 5 8 13 11 14
0 1 2 3 6 4 9 12 7 10 5 8 13 11 14
0 3 6 1 9 4 2 7 10 12 5 8 13 11 14
0 1 2 3 6 9 4 7 12 5 10 13 8 11 14
0 3 1 6 2 4 9 7 5 10 12 8 13 11 14
0 3 6 1 4 9 12 2 7 10 5 13 8 11 14
0 3 6 1 4 9 12 7 2 10 5 8 13 11 14
0 1 3 2 4 6 7 5 9 8 12 10 11 13 14
0 3 6 1 4 9 12 7 10 2 5 8 13 11 14
0 3 1 6 4 2 9 5 7 10 12 8 13 11 14
0 3 6 9 1 4 12 2 7 10 13 5 8 11 14
0 1 3 2 6 9 4 7 12 5 10 13 8 11 14
0 3 1 6 9 2 4 7 12 10 5 13 8 11 14
0 1 3 4 2 5 6 7 8 9 12 10 11 13 14
0 1 3 4 2 5 6 9 7 8 10 11 12 13 14
0 1 3 4 2 5 6 9 12 7 10 8 11 13 14
0 1 3 4 2 6 5 7 8 9 12 10 11 13 14
0 3 1 6 4 7 2 5 8 9 12 10 11 13 14
0 1 3 4 2 6 5 9 12 7 8 10 11 13 14
0 1 3 4 2 6 5 9 12 7 10 8 11 13 14
0 1 3 4 2 6 9 5 12 7 10 8 11 13 14
0 3 1 6 9 4 2 7 12 5 10 13 8 11 14
0 3 1 6 9 4 7 2 12 5 10 8 11 13 14
0 3 1 6 9 4 7 2 12 5 10 13 8 11 14
0 1 3 6 4 2 7 5 9 8 12 10 11 13 14
0 1 3 6 4 2 7 9 5 8 12 10 11 13 14
0 1 3 6 4 2 9 7 5 8 10 12 11 13 14
0 1 3 6 4 7 2 5 9 8 12 10 11 13 14
0 3 1 2 4 5 6 7 8 9 10 12 13 11 14
0 3 1 2 4 5 6 7 9 10 8 12 11 13 14
0 3 1 2 4 5 6 7 9 12 10 8 13 11 14
0 3 1 2 4 6 5 7 9 10 8 11 12 13 14
0 3 1 2 4 6 5 7 9 10 12 8 13 11 14
0 3 1 2 4 6 5 7 9 10 12 13 8 11 14
0 3 1 2 4 6 5 9 7 10 12 8 13 11 14
0 3 1 2 4 6 5 9 7 10 12 13 8 11 14
0 1 2 3 4 6 7 5 8 9 12 10 11 13 14
0 3 6 1 4 2 7 9 5 8 10 12 13 11 14
0 1 2 3 6 4 9 5 7 10 12 8 13 11 14
0 3 1 6 2 4 5 7 8 9 10 12 13 11 14
0 3 1 6 2 4 9 5 7 10 12 8 13 11 14
0 3 1 6 2 4 7 9 5 12 10 8 13 11 14
0 3 1 6 2 9 4 7 12 5 10 13 8 11 14
0 1 3 2 4 6 9 7 5 12 10 8 11 13 14
0 3 6 1 9 4 12 7 10 2 5 8 13 11 14
0 3 1 4 6 2 7 5 8 9 12 10 11 13 14
0 1 3 2 6 4 5 7 9 8 10 12 13 11 14
0 1 3 4 2 5 6 9 12 7 8 10 11 13 14
0 1 3 4 2 6 5 9 7 12 8 10 11 13 14
0 1 3 4 2 6 5 9 7 12 10 8 11 13 14
0 1 3 4 2 6 7 5 8 9 12 10 11 13 14
0 3 1 6 9 4 7 2 5 10 12 8 11 13 14
0 1 3 6 2 9 4 7 12 5 10 13 8 11 14
0 1 3 4 6 2 7 5 8 9 12 10 11 13 14
0 3 6 1 2 4 5 7 8 9 10 12 13 11 14
0 3 1 2 4 5 6 7 9 8 10 12 13 11 14
0 3 6 1 2 4 7 5 8 9 10 12 13 11 14
0 3 1 2 4 5 6 7 9 10 12 8 13 11 14
0 3 1 2 4 5 6 9 7 10 12 8 13 11 14
0 3 1 2 4 5 6 9 7 10 12 13 8 11 14
0 3 1 2 4 5 6 9 7 12 10 13 8 11 14
0 3 1 2 4 6 5 7 9 10 8 12 13 11 14
0 1 2 3 4 6 7 5 9 8 12 10 11 13 14
0 3 1 2 4 6 9 5 7 10 12 8 13 11 14
0 3 6 1 4 2 7 5 9 8 10 12 13 11 14
0 1 2 3 4 6 9 7 5 12 10 8 11 13 14
0 3 1 2 6 4 9 5 7 10 12 8 13 11 14
0 1 2 3 6 4 5 7 8 9 10 12 13 11 14
0 1 2 3 6 4 5 7 9 8 10 12 13 11 14
0 3 6 1 4 9 2 7 10 5 8 12 11 13 14
0 3 6 1 4 9 2 7 10 5 12 8 11 13 14
0 3 6 1 4 9 2 12 7 10 5 8 13 11 14
0 3 1 6 2 4 7 5 8 9 10 12 13 11 14
0 3 1 6 2 4 7 9 5 10 8 11 12 13 14
0 3 1 6 2 4 7 9 5 10 12 8 13 11 14
0 3 1 6 2 4 7 9 12 5 10 13 8 11 14
0 1 3 2 4 6 7 5 8 9 12 10 11 13 14
0 3 6 1 9 12 4 7 10 2 5 13 8 11 14
0 3 1 4 6 2 7 5 9 8 12 10 11 13 14
0 1 3 4 2 5 6 7 9 8 12 10 11 13 14
0 1 3 4 2 5 6 9 7 12 8 10 13 11 14
0 1 3 4 2 5 6 9 12 7 10 8 13 11 14
0 1 3 4 2 6 5 7 9 8 12 10 11 13 14
0 1 3 4 2 6 5 9 7 8 10 12 11 13 14
0 3 1 6 4 7 2 5 9 8 12 10 11 13 14
0 3 1 6 4 9 2 12 7 10 5 8 13 11 14
0 3 1 4 6 9 7 2 5 12 10 8 11 13 14
0 1 3 6 2 4 9 12 7 10 5 8 13 11 14
0 3 1 6 9 4 7 2 5 12 10 8 11 13 14
0 3 1 6 9 4 7 2 12 5 10 8 13 11 14
0 3 1 6 9 4 7 12 2 5 10 13 8 11 14
0 1 3 6 4 2 7 5 8 9 12 10 11 13 14
0 1 3 6 4 2 9 7 5 8 12 10 11 13 14
0 1 3 6 4 2 9 7 5 12 8 10 13 11 14
0 1 3 6 4 2 9 12 7 5 8 10 13 11 14
0 1 3 4 6 7 2 5 8 9 12 10 11 13 14
0 1 3 4 6 7 2 5 9 8 12 10 11 13 14
0 1 3 6 4 7 2 5 8 9 12 10 11 13 14
0 1 3 6 9 4 2 7 12 10 5 8 11 13 14
