0 3 4 1 5 6 2 7 8 9 11 14 10 13 16 12 15 17
0 3 4 1 5 6 2 8 10 7 11 14 9 13 16 12 15 17
0 3 4 1 5 7 2 6 10 8 11 14 9 13 16 12 15 17
0 3 4 1 5 7 2 8 10 6 11 14 9 13 16 12 15 17
0 3 7 1 6 11 2 9 12 4 10 14 5 13 15 8 16 17
0 2 5 1 4 7 3 6 9 8 10 15 11 12 16 13 14 17
0 2 5 1 4 8 3 6 10 7 9 15 11 12 16 13 14 17
0 2 5 1 4 8 3 7 9 6 12 13 10 14 15 11 16 17
0 1 6 2 3 7 4 5 10 8 11 14 9 13 16 12 15 17
0 1 6 2 3 7 4 5 11 8 10 14 9 13 16 12 15 17
0 3 4 1 5 6 2 7 9 8 11 14 10 13 16 12 15 17
0 4 9 1 7 10 2 8 13 3 11 14 5 12 16 6 15 17
0 2 5 1 3 8 4 6 10 7 9 15 11 12 16 13 14 17
0 2 5 1 4 7 3 8 9 6 12 13 10 14 15 11 16 17
0 2 5 1 4 8 3 6 9 7 12 13 10 14 15 11 16 17
0 2 5 1 4 8 3 6 11 7 9 15 10 12 16 13 14 17
0 2 5 1 4 8 3 7 10 6 12 13 9 14 15 11 16 17
0 3 10 1 4 13 2 7 14 5 8 15 6 11 16 9 12 17
0 1 6 2 3 7 4 5 11 8 9 14 10 13 16 12 15 17
0 1 6 2 3 8 4 5 11 7 10 14 9 13 16 12 15 17
0 5 8 1 6 11 2 9 12 3 10 15 4 13 16 7 14 17
0 4 6 1 7 10 2 8 13 3 11 14 5 12 16 9 15 17
0 3 5 1 6 8 2 9 12 4 10 14 7 13 16 11 15 17
0 2 5 1 4 7 3 6 8 9 10 15 11 12 16 13 14 17
0 2 5 1 4 7 3 6 8 9 12 13 10 14 15 11 16 17
0 2 5 1 4 7 3 6 9 8 12 13 10 14 15 11 16 17
0 2 5 1 4 8 3 6 9 7 10 15 11 12 16 13 14 17
0 2 5 1 4 8 3 6 9 7 11 15 10 12 16 13 14 17
0 2 6 1 4 10 3 7 13 5 8 15 9 11 16 12 14 17
0 2 6 1 5 9 3 8 12 4 11 13 7 14 15 10 16 17
0 2 8 1 5 12 3 6 14 4 9 15 7 10 16 11 13 17
0 1 6 2 3 7 4 5 8 9 11 14 10 13 16 12 15 17
0 1 6 2 3 7 4 5 9 8 11 14 10 13 16 12 15 17
0 1 6 2 4 7 3 5 10 8 11 14 9 13 16 12 15 17
0 3 4 1 5 6 2 7 10 8 11 14 9 13 16 12 15 17
0 3 4 1 5 6 2 8 10 7 11 13 9 14 16 12 15 17
0 2 5 1 4 8 3 6 9 7 12 14 10 13 15 11 16 17
0 2 11 1 5 12 3 6 14 4 9 15 7 10 16 8 13 17
0 1 7 2 3 10 4 6 13 5 9 14 8 12 16 11 15 17
0 1 9 2 4 12 3 7 13 5 8 15 6 11 16 10 14 17
