0 3 6 9 1 2 4 5 7 8 10 11 12 15 18 13 21 16 14 19 17 22 20 23
0 3 6 9 1 2 4 5 7 8 10 12 11 15 18 13 21 16 14 19 17 22 20 23
0 3 6 9 1 2 4 5 7 8 10 12 15 11 18 13 21 16 14 19 17 22 20 23
0 3 6 9 1 2 4 5 7 12 8 10 15 11 18 13 21 16 14 19 17 22 20 23
0 3 6 1 2 4 5 9 7 12 8 10 11 15 13 18 14 16 21 17 19 22 20 23
0 3 6 1 2 4 5 9 12 7 8 10 15 13 11 18 14 16 21 17 19 22 20 23
0 3 6 9 12 15 18 1 4 21 2 7 10 5 8 13 16 11 14 19 22 17 20 23
0 3 6 1 9 4 2 7 5 12 8 10 11 15 18 21 13 14 16 17 19 20 22 23
0 3 6 1 9 4 2 7 5 10 12 8 11 15 18 21 13 16 14 17 19 20 22 23
0 3 1 6 4 2 7 9 5 8 12 10 13 15 11 14 18 21 16 19 17 20 22 23
0 3 1 6 4 2 7 9 12 5 8 10 15 13 11 18 14 21 16 19 17 20 22 23
0 3 1 6 4 7 9 2 10 5 12 8 13 11 15 16 18 19 21 22 14 17 20 23
0 3 1 6 4 9 7 2 10 12 5 13 15 8 16 18 11 19 21 22 14 17 20 23
0 3 1 6 4 9 12 7 10 15 2 13 16 18 5 19 21 8 22 11 14 17 20 23
0 1 3 4 6 7 2 5 9 10 12 8 13 11 15 16 18 14 21 19 17 22 20 23
0 1 3 4 6 7 9 10 2 5 8 11 12 15 13 18 16 21 19 14 22 17 20 23
0 1 3 4 6 7 9 10 2 5 8 12 15 11 13 18 16 21 19 14 22 17 20 23
0 1 3 4 6 7 9 12 10 2 15 13 5 18 16 8 21 19 11 14 22 17 20 23
0 1 3 4 6 9 7 12 15 10 13 2 18 16 5 21 19 8 11 22 14 17 20 23
0 3 6 1 2 4 5 9 12 7 8 10 15 11 13 18 14 16 21 17 19 22 20 23
0 3 6 9 1 2 4 12 5 7 15 8 10 18 11 13 21 16 14 19 17 22 20 23
0 3 6 1 2 4 7 5 9 12 8 10 13 11 15 18 14 16 21 19 17 22 20 23
0 3 6 9 12 15 1 18 21 4 7 2 5 10 13 8 11 16 19 14 17 22 20 23
0 3 6 9 1 12 15 4 2 18 7 5 21 10 13 8 11 16 14 17 19 20 22 23
0 3 6 1 9 4 2 7 5 10 8 11 12 15 18 21 13 14 16 17 19 20 22 23
0 3 6 1 9 4 2 7 5 10 8 12 11 15 18 21 13 14 16 17 19 20 22 23
0 3 6 1 9 4 2 7 5 12 10 8 11 15 18 21 13 14 16 17 19 20 22 23
0 3 6 1 9 4 2 7 5 12 10 8 15 11 18 21 13 14 16 17 19 20 22 23
0 3 6 1 9 12 4 2 15 7 5 18 10 8 21 13 11 14 16 17 19 20 22 23
0 3 1 4 6 2 7 9 5 10 8 12 13 15 11 16 14 18 19 21 22 17 20 23
0 3 1 6 4 2 9 5 7 8 12 10 15 11 13 14 18 21 16 17 19 20 22 23
0 3 1 6 4 2 9 5 7 12 8 15 10 13 11 14 18 21 16 17 19 20 22 23
0 3 6 1 4 9 12 7 10 15 18 13 16 21 2 19 22 5 8 11 14 17 20 23
0 3 1 6 9 4 2 7 10 5 8 12 15 11 13 18 16 19 21 14 22 17 20 23
0 3 1 6 4 9 7 2 10 5 12 8 11 13 15 16 18 19 21 22 14 17 20 23
0 1 3 4 6 7 9 10 2 5 8 12 11 15 13 18 16 21 19 14 22 17 20 23
0 1 3 4 6 7 9 10 2 5 8 12 15 13 11 18 16 21 19 14 22 17 20 23
0 3 6 9 1 2 4 5 7 10 8 12 15 11 18 13 21 16 14 19 17 22 20 23
0 3 6 1 2 4 9 7 5 12 8 10 13 15 18 11 14 16 21 19 17 22 20 23
0 3 1 4 6 2 7 9 5 12 10 8 13 15 16 11 14 18 19 21 22 17 20 23
0 3 1 6 4 9 7 2 10 5 12 8 11 15 13 16 18 19 21 22 14 17 20 23
0 3 1 6 4 9 7 12 2 10 13 15 5 16 18 8 19 21 11 22 14 17 20 23
0 1 3 6 4 7 2 5 9 12 8 10 13 11 15 18 14 16 21 19 17 22 20 23
0 1 3 6 4 7 2 9 5 12 10 8 13 15 18 11 14 16 21 19 17 22 20 23
0 1 3 6 4 9 7 2 10 5 12 8 11 15 18 13 16 21 19 14 17 22 20 23
0 1 3 4 6 7 9 10 2 5 12 8 15 13 11 18 16 21 19 14 22 17 20 23
0 1 3 6 4 9 12 7 10 15 18 13 16 2 21 19 5 8 22 11 14 17 20 23
0 3 6 9 1 2 4 5 7 8 12 10 15 11 18 13 21 14 16 19 17 22 20 23
0 3 6 9 1 2 4 5 7 8 12 10 15 11 18 13 21 16 14 19 17 22 20 23
0 3 6 9 1 12 2 4 15 5 7 18 8 10 13 21 11 16 14 19 17 22 20 23
0 3 6 9 12 1 15 18 4 2 21 7 10 5 8 13 16 11 14 19 17 20 22 23
0 3 1 4 6 2 7 9 5 10 12 8 13 15 16 11 14 18 19 21 22 17 20 23
0 3 1 6 4 2 7 9 5 8 12 10 13 15 11 14 18 16 19 21 22 17 20 23
0 3 1 6 4 2 7 9 12 5 8 10 13 15 11 18 16 14 19 21 22 17 20 23
0 3 1 6 4 9 7 2 10 5 8 11 12 13 15 16 18 19 21 22 14 17 20 23
0 3 1 6 9 4 7 12 15 10 13 18 21 16 19 2 5 22 8 11 14 17 20 23
0 1 3 4 6 7 2 5 9 12 10 13 8 15 11 16 18 14 21 19 17 22 20 23
0 1 3 4 6 7 9 10 2 5 8 12 13 15 11 18 16 21 19 14 22 17 20 23
0 3 6 9 12 1 15 2 4 18 5 7 10 21 8 13 16 11 14 19 17 22 20 23
0 3 6 1 9 2 4 7 5 10 12 8 11 15 18 13 16 21 19 14 17 22 20 23
0 3 6 9 12 15 1 18 2 4 7 21 5 10 13 8 11 16 19 14 17 22 20 23
0 3 6 1 9 4 2 7 5 10 12 8 11 15 18 21 13 14 16 17 19 20 22 23
0 3 6 1 9 4 2 12 7 5 15 10 8 18 11 21 13 14 16 17 19 20 22 23
0 3 1 6 4 2 9 5 7 12 8 15 10 11 13 14 18 21 16 17 19 20 22 23
0 3 1 6 9 4 2 7 10 5 8 12 15 11 18 13 21 16 14 19 17 20 22 23
0 3 1 6 4 9 7 2 10 5 8 12 11 13 15 16 18 19 21 22 14 17 20 23
0 3 1 6 4 9 7 2 10 5 12 8 13 11 15 16 18 19 21 22 14 17 20 23
0 3 1 6 4 9 7 2 10 5 12 8 13 15 11 16 18 19 21 22 14 17 20 23
0 3 1 6 9 4 7 12 15 10 13 18 2 16 19 21 5 22 8 11 14 17 20 23
0 1 3 4 6 7 2 5 9 10 12 13 8 15 11 16 18 14 21 19 17 22 20 23
0 1 3 4 6 9 7 10 2 5 8 12 15 11 13 18 16 21 19 14 22 17 20 23
0 1 3 4 6 7 9 10 2 12 5 15 13 8 18 16 11 21 19 14 22 17 20 23
