0 1 3 4 2 5 6 7 8 9 10 13 11 12 14 15
0 1 3 4 2 5 7 10 6 8 11 14 9 12 13 15
0 1 3 4 2 5 7 10 6 8 12 14 9 11 13 15
0 1 3 4 2 5 8 9 6 7 10 13 11 12 14 15
0 1 6 8 2 3 7 9 4 5 11 12 10 13 14 15
0 1 3 4 2 5 10 11 6 7 12 14 8 9 13 15
0 1 4 5 2 6 8 10 3 7 11 13 9 12 14 15
0 1 5 8 2 4 7 11 3 6 10 12 9 13 14 15
0 1 4 6 2 5 8 12 3 7 10 13 9 11 14 15
0 1 5 11 2 4 8 12 3 7 10 14 6 9 13 15
0 1 3 5 2 6 8 11 4 7 9 13 10 12 14 15
0 1 4 7 2 3 6 10 5 9 12 13 8 11 14 15
0 1 3 5 2 6 9 12 4 7 11 14 8 10 13 15
0 1 8 11 2 4 9 12 3 6 10 14 5 7 13 15
0 1 4 7 2 5 9 13 3 8 10 14 6 11 12 15
0 2 4 5 1 3 6 7 8 9 12 14 10 11 13 15
0 2 3 5 1 4 6 8 7 9 10 13 11 12 14 15
0 1 3 6 2 4 5 8 7 10 11 13 9 12 14 15
0 1 3 6 2 4 7 9 5 8 12 13 10 11 14 15
0 2 4 5 1 6 7 11 3 9 10 13 8 12 14 15
0 1 3 6 2 4 8 9 5 7 12 13 10 11 14 15
0 2 3 6 1 4 7 8 5 10 12 13 9 11 14 15
0 2 3 6 1 4 7 10 5 8 11 14 9 12 13 15
0 2 4 6 1 3 7 9 5 8 10 13 11 12 14 15
0 1 3 6 2 5 9 11 4 7 10 12 8 13 14 15
0 2 3 6 1 5 7 11 4 8 9 13 10 12 14 15
0 2 3 6 1 5 8 11 4 9 10 12 7 13 14 15
0 2 3 7 1 4 5 8 6 10 12 14 9 11 13 15
0 1 3 7 2 4 6 10 5 9 11 13 8 12 14 15
0 1 4 11 2 3 5 12 6 8 10 14 7 9 13 15
0 2 4 7 1 5 8 11 3 6 9 13 10 12 14 15
0 2 3 9 1 4 5 13 6 7 10 14 8 11 12 15
0 1 3 8 2 6 9 12 4 7 11 14 5 10 13 15
0 2 4 8 1 5 6 12 3 9 10 14 7 11 13 15
0 2 3 9 1 5 6 13 4 7 10 14 8 11 12 15
0 1 3 8 2 6 10 12 4 7 11 14 5 9 13 15
0 2 3 9 1 5 7 11 4 8 10 14 6 12 13 15
0 2 4 8 1 5 7 13 3 9 11 14 6 10 12 15
0 2 4 8 1 6 7 10 3 9 11 13 5 12 14 15
0 2 4 9 1 3 7 10 5 8 12 14 6 11 13 15
0 2 5 8 1 3 6 11 4 9 12 14 7 10 13 15
0 2 4 9 1 5 8 13 3 6 10 14 7 11 12 15
0 2 4 10 1 3 5 13 6 7 11 14 8 9 12 15
0 1 2 6 3 5 8 11 4 7 10 12 9 13 14 15
0 1 2 6 3 5 9 12 4 8 11 13 7 10 14 15
0 1 2 6 3 5 10 12 4 8 11 13 7 9 14 15
0 2 6 9 1 3 7 12 4 8 11 14 5 10 13 15
0 2 7 10 1 3 9 13 4 5 11 14 6 8 12 15
0 2 8 10 1 3 9 13 4 5 11 14 6 7 12 15
0 2 7 10 1 5 9 11 3 6 12 13 4 8 14 15
0 2 8 10 1 5 9 12 3 6 11 13 4 7 14 15
0 2 7 11 1 5 9 12 3 6 10 14 4 8 13 15
0 3 4 7 1 5 8 9 2 10 11 14 6 12 13 15
0 3 4 7 1 5 8 10 2 9 11 14 6 12 13 15
0 3 4 8 1 5 9 12 2 7 10 14 6 11 13 15
0 3 7 10 1 4 9 13 2 6 11 14 5 8 12 15
0 3 4 9 1 5 6 12 2 8 10 14 7 11 13 15
0 3 5 9 1 4 6 12 2 8 10 14 7 11 13 15
0 1 3 4 2 5 6 7 8 9 12 14 10 11 13 15
0 1 3 4 2 5 6 8 7 9 12 14 10 11 13 15
0 1 5 8 2 3 7 9 4 6 11 12 10 13 14 15
0 1 4 6 2 3 5 7 8 10 12 13 9 11 14 15
0 1 4 6 2 3 5 8 7 9 11 12 10 13 14 15
0 1 4 6 2 3 5 8 7 10 12 13 9 11 14 15
0 1 7 10 2 4 9 12 3 6 11 13 5 8 14 15
0 1 4 7 2 3 6 9 5 8 11 12 10 13 14 15
0 1 4 7 2 3 9 10 5 6 12 13 8 11 14 15
0 1 3 5 2 6 9 12 4 7 10 14 8 11 13 15
0 1 3 6 2 4 5 7 8 9 11 12 10 13 14 15
0 1 3 6 2 4 5 7 8 10 11 13 9 12 14 15
0 2 4 5 1 3 6 8 7 9 10 13 11 12 14 15
0 2 4 6 1 3 5 9 7 10 11 14 8 12 13 15
0 2 3 6 1 4 7 9 5 8 10 13 11 12 14 15
0 2 3 6 1 5 7 11 4 8 10 14 9 12 13 15
0 2 3 6 1 5 8 9 4 10 11 12 7 13 14 15
0 2 3 6 1 5 8 10 4 9 11 12 7 13 14 15
0 1 3 7 2 5 6 11 4 8 10 12 9 13 14 15
0 1 2 5 3 4 7 10 6 9 11 13 8 12 14 15
0 1 2 5 3 4 8 9 6 7 11 12 10 13 14 15
0 1 2 5 3 4 10 11 6 8 12 13 7 9 14 15
0 2 3 9 1 4 6 13 5 7 10 14 8 11 12 15
0 2 3 9 1 6 7 12 4 8 10 14 5 11 13 15
0 2 4 8 1 6 7 11 3 9 10 13 5 12 14 15
0 1 3 10 2 4 5 12 6 8 9 14 7 11 13 15
0 2 6 7 1 4 8 11 3 5 9 13 10 12 14 15
0 2 4 9 1 6 8 12 3 7 10 13 5 11 14 15
0 1 2 6 3 5 7 11 4 9 10 13 8 12 14 15
0 1 2 6 3 5 9 12 4 8 10 13 7 11 14 15
0 2 4 10 1 5 8 11 3 6 9 13 7 12 14 15
0 2 4 10 1 6 7 12 3 8 9 14 5 11 13 15
0 2 4 10 1 6 8 12 3 7 9 14 5 11 13 15
0 2 6 8 1 5 7 9 3 10 12 13 4 11 14 15
0 2 7 9 1 4 10 12 3 5 11 14 6 8 13 15
0 2 6 9 1 5 8 12 3 7 11 13 4 10 14 15
0 2 8 9 1 4 10 12 3 5 11 14 6 7 13 15
0 1 2 8 3 4 5 11 6 7 10 14 9 12 13 15
0 2 7 10 1 4 9 13 3 5 11 14 6 8 12 15
0 2 8 10 1 5 9 11 3 6 12 13 4 7 14 15
0 2 6 10 1 4 8 11 3 5 12 13 7 9 14 15
0 2 7 10 1 5 9 12 3 6 11 13 4 8 14 15
0 1 2 8 3 4 6 11 5 7 10 14 9 12 13 15
0 2 8 11 1 5 9 12 3 6 10 14 4 7 13 15
0 2 5 10 1 4 7 11 3 8 9 14 6 12 13 15
0 1 2 8 3 5 6 11 4 7 10 14 9 12 13 15
0 2 6 11 1 5 7 12 3 8 10 14 4 9 13 15
0 3 6 7 1 4 8 10 2 9 12 14 5 11 13 15
0 3 4 7 1 5 8 11 2 9 10 14 6 12 13 15
0 3 6 8 1 4 9 12 2 7 11 14 5 10 13 15
0 3 6 9 1 4 7 12 2 5 10 13 8 11 14 15
0 3 4 9 1 5 8 13 2 7 10 14 6 11 12 15
0 3 5 9 1 4 7 12 2 6 10 13 8 11 14 15
0 1 3 4 2 5 6 8 7 9 10 13 11 12 14 15
0 1 3 4 2 5 7 9 6 8 10 13 11 12 14 15
0 1 3 4 2 5 9 11 6 7 12 14 8 10 13 15
0 1 6 8 2 3 10 12 4 7 11 14 5 9 13 15
0 1 6 8 2 4 7 11 3 5 10 12 9 13 14 15
0 1 5 9 2 3 8 11 4 7 12 13 6 10 14 15
0 1 5 9 2 4 8 12 3 7 11 13 6 10 14 15
0 1 5 9 2 4 10 11 3 7 12 14 6 8 13 15
0 1 7 8 2 3 10 12 4 5 11 13 6 9 14 15
0 1 3 5 2 6 7 11 4 8 10 14 9 12 13 15
0 1 7 11 2 4 9 12 3 6 10 14 5 8 13 15
0 1 8 10 2 3 9 11 4 6 12 13 5 7 14 15
0 1 3 5 2 6 10 12 4 7 11 14 8 9 13 15
0 1 8 10 2 4 9 12 3 6 11 13 5 7 14 15
0 1 4 7 2 5 9 13 3 8 11 14 6 10 12 15
0 2 4 5 1 3 6 7 8 9 10 13 11 12 14 15
0 1 4 7 2 5 10 13 3 8 11 14 6 9 12 15
0 1 3 6 2 4 5 8 7 9 11 12 10 13 14 15
0 2 3 5 1 4 6 8 7 9 11 14 10 12 13 15
0 2 4 5 1 3 7 9 6 10 11 13 8 12 14 15
0 2 4 5 1 6 7 9 3 10 11 13 8 12 14 15
0 2 4 5 1 6 7 10 3 9 11 13 8 12 14 15
0 1 3 6 2 4 8 12 5 7 9 13 10 11 14 15
0 1 4 8 2 5 7 11 3 6 10 12 9 13 14 15
0 2 4 6 1 3 7 10 5 8 12 14 9 11 13 15
0 1 3 6 2 5 8 12 4 7 9 13 10 11 14 15
0 1 3 7 2 4 5 9 6 8 12 14 10 11 13 15
0 1 4 11 2 3 6 12 5 8 10 14 7 9 13 15
0 1 2 5 3 4 6 7 8 9 11 12 10 13 14 15
0 1 2 5 3 4 6 7 8 10 11 13 9 12 14 15
0 1 2 5 3 4 6 7 8 10 12 13 9 11 14 15
0 1 2 5 3 4 6 8 7 9 11 12 10 13 14 15
0 1 3 7 2 5 6 11 4 9 10 13 8 12 14 15
0 1 3 7 2 5 6 12 4 8 9 14 10 11 13 15
0 1 2 5 3 4 6 8 7 10 12 13 9 11 14 15
0 1 2 5 3 4 7 9 6 8 11 12 10 13 14 15
0 2 5 7 1 3 8 9 4 6 10 13 11 12 14 15
0 1 3 8 2 6 9 12 4 7 10 14 5 11 13 15
0 2 3 9 1 6 7 12 4 8 11 14 5 10 13 15
0 2 5 7 1 4 8 11 3 6 9 13 10 12 14 15
0 1 3 10 2 4 6 12 5 8 9 14 7 11 13 15
0 1 2 6 3 5 7 11 4 8 10 12 9 13 14 15
0 2 4 10 1 5 7 11 3 8 9 14 6 12 13 15
0 2 5 8 1 4 9 12 3 6 11 14 7 10 13 15
0 1 2 7 3 4 8 11 5 6 10 13 9 12 14 15
0 2 6 9 1 3 8 12 4 7 11 14 5 10 13 15
0 2 6 9 1 5 8 11 3 7 12 13 4 10 14 15
0 2 6 10 1 4 8 11 3 5 9 13 7 12 14 15
0 2 5 10 1 4 8 11 3 7 12 14 6 9 13 15
0 2 6 11 1 5 8 12 3 7 10 14 4 9 13 15
0 3 6 8 1 4 9 11 2 7 12 14 5 10 13 15
0 3 7 9 1 4 10 11 2 6 12 14 5 8 13 15
0 3 8 9 1 4 10 11 2 6 12 14 5 7 13 15
0 1 3 4 2 5 6 7 8 9 11 14 10 12 13 15
0 1 5 6 2 3 8 11 4 7 12 13 9 10 14 15
0 1 3 4 2 5 6 8 7 9 11 14 10 12 13 15
0 1 4 5 2 3 7 10 6 8 11 13 9 12 14 15
0 1 4 5 2 3 8 10 6 7 11 13 9 12 14 15
0 1 4 5 2 6 8 11 3 7 10 13 9 12 14 15
0 1 6 9 2 4 10 11 3 5 12 13 7 8 14 15
0 1 4 6 2 3 5 7 8 9 11 12 10 13 14 15
0 1 4 6 2 3 5 10 7 8 11 14 9 12 13 15
0 1 5 11 2 3 8 12 4 7 10 14 6 9 13 15
0 1 3 5 2 6 7 11 4 8 9 13 10 12 14 15
0 1 7 10 2 3 9 11 4 6 12 13 5 8 14 15
0 1 7 11 2 3 9 12 4 6 10 14 5 8 13 15
0 1 8 11 2 3 9 12 4 6 10 14 5 7 13 15
0 2 3 5 1 4 6 7 8 9 10 13 11 12 14 15
0 2 3 5 1 4 6 7 8 9 11 14 10 12 13 15
0 2 4 5 1 3 6 8 7 9 12 14 10 11 13 15
0 1 3 6 2 5 9 10 4 7 11 12 8 13 14 15
0 1 4 9 2 5 8 12 3 7 10 13 6 11 14 15
0 1 3 7 2 4 5 12 6 8 9 14 10 11 13 15
0 1 3 7 2 4 6 9 5 8 11 12 10 13 14 15
0 1 4 10 2 5 8 12 3 7 9 14 6 11 13 15
0 1 3 7 2 4 6 12 5 8 9 14 10 11 13 15
0 1 2 5 3 4 6 8 7 10 11 13 9 12 14 15
0 1 3 7 2 5 9 11 4 6 10 13 8 12 14 15
0 1 2 5 3 4 7 10 6 9 12 13 8 11 14 15
0 1 2 5 3 4 9 11 6 8 12 13 7 10 14 15
0 2 4 8 1 5 7 13 3 9 10 14 6 11 12 15
0 2 4 8 1 5 9 12 3 6 10 14 7 11 13 15
0 2 4 8 1 6 7 9 3 10 11 13 5 12 14 15
0 2 6 7 1 3 8 9 4 5 10 13 11 12 14 15
0 1 3 10 2 5 6 12 4 8 9 14 7 11 13 15
0 2 5 8 1 3 9 11 4 6 12 14 7 10 13 15
0 2 4 10 1 3 6 13 5 7 11 14 8 9 12 15
0 2 6 8 1 5 7 10 3 9 12 13 4 11 14 15
0 2 7 9 1 3 8 12 4 5 11 13 6 10 14 15
0 2 7 9 1 3 10 11 4 5 12 14 6 8 13 15
0 1 2 7 3 5 8 11 4 6 10 13 9 12 14 15
0 2 8 9 1 3 10 11 4 5 12 14 6 7 13 15
0 2 8 10 1 4 9 13 3 5 11 14 6 7 12 15
0 2 5 10 1 3 8 13 4 6 11 14 7 9 12 15
0 2 5 10 1 4 7 11 3 8 12 14 6 9 13 15
0 2 5 10 1 4 8 11 3 6 9 13 7 12 14 15
0 2 5 10 1 4 8 13 3 6 11 14 7 9 12 15
0 3 6 7 1 4 8 9 2 10 12 14 5 11 13 15
0 3 7 9 1 4 10 12 2 6 11 14 5 8 13 15
0 3 4 9 1 5 7 12 2 6 10 13 8 11 14 15
0 3 4 9 1 5 7 13 2 8 10 14 6 11 12 15
0 3 6 10 1 4 7 13 2 8 11 14 5 9 12 15
0 3 8 9 1 4 10 12 2 6 11 14 5 7 13 15
0 3 6 10 1 4 8 13 2 7 11 14 5 9 12 15
0 3 8 10 1 4 9 13 2 6 11 14 5 7 12 15
