0 2 4 7 1 3 6 9 5 8 10 15 11 12 16 18 13 14 17 19
0 2 3 7 1 5 6 10 4 9 12 13 8 14 15 17 11 16 18 19
0 2 4 7 1 6 8 12 3 10 11 14 5 13 15 16 9 17 18 19
0 2 5 7 1 6 10 13 3 9 12 14 4 11 15 16 8 17 18 19
0 2 8 13 1 3 11 14 4 6 12 16 5 9 15 18 7 10 17 19
0 2 9 10 1 5 11 14 3 7 13 15 4 8 16 17 6 12 18 19
0 2 9 12 1 4 10 14 3 7 13 15 5 8 16 18 6 11 17 19
0 3 5 6 1 7 10 12 2 8 13 15 4 11 14 17 9 16 18 19
0 3 5 6 1 7 11 12 2 8 13 15 4 10 14 17 9 16 18 19
0 1 3 8 2 4 5 11 6 7 10 15 9 13 14 18 12 16 17 19
0 2 3 7 1 4 6 11 5 8 9 16 10 12 14 18 13 15 17 19
0 1 3 9 2 5 6 14 4 7 10 17 8 11 12 18 13 15 16 19
0 1 3 10 2 5 8 15 4 6 11 17 7 9 12 18 13 14 16 19
0 2 9 12 1 4 10 14 3 5 13 17 6 8 15 18 7 11 16 19
0 1 2 10 3 4 6 14 5 8 9 16 7 11 13 18 12 15 17 19
0 1 2 11 3 4 8 15 5 7 10 16 6 9 13 18 12 14 17 19
0 3 8 12 1 4 11 13 2 6 14 16 5 9 15 18 7 10 17 19
0 2 4 6 1 5 7 9 3 10 11 14 8 13 15 18 12 16 17 19
0 2 4 7 1 3 6 9 5 8 12 13 10 14 16 17 11 15 18 19
0 1 3 10 2 5 9 15 4 6 11 17 7 8 12 18 13 14 16 19
0 3 4 6 1 7 8 11 2 9 12 15 5 13 14 17 10 16 18 19
0 1 2 11 3 4 9 15 5 7 10 16 6 8 13 18 12 14 17 19
0 3 8 10 1 5 12 13 2 6 14 16 4 9 15 17 7 11 18 19
0 1 4 8 2 3 5 9 6 7 11 14 10 13 16 18 12 15 17 19
0 1 7 13 2 3 11 15 4 6 12 16 5 8 14 18 9 10 17 19
0 1 8 12 2 4 10 15 3 5 13 17 6 7 14 18 9 11 16 19
0 2 5 6 1 3 7 8 4 9 11 14 10 13 16 18 12 15 17 19
0 2 5 7 1 6 11 13 3 9 12 14 4 10 15 16 8 17 18 19
